  EVERY CLUB'S BALANCE, PER SEASON, IN THOUSANDS ($k) — * = sold that season
  club                             1     2     3     4     5     6     7     8     9    10    11    12    13    14    15    16    17    18    19    20    21    22    23    24    25    26    27    28    29    30
  Kuala Lumpur Monsoon FC        755  1009  1264  1514  1762  2014  2271  2525  2777  3026  3278  3532  3782  4032  4286  4544  4798  5055  5312  5565  5818  6072  6334  6590  6845  7101  7357  7610  7861  8116
  Riyadh Dune Dominators         737   974  1209  1446  1682  1918  2157  2391  2631  2868  3107  3344  3580  3819  4064  4305  4542  4780  5018  5255  5489  5726  5969  6210  6449  6687  6918  7153  7396  7637
  Tonga Polynesian Power         732   965  1194  1428  1659  1894  2130  2364  2597  2831  3064  3295  3525  3756  3990  4221  4450  4678  4908  5144  5377  5609  5848  6080  6306  6529  6760  6992  7224  7457
  Accra Goldcoast Waves          718   935  1154  1372  1588  1804  2027  2246  2467  2688  2905  3123  3342  3559  3782  4000  4218  4438  4653  4869  5086  5302  5522  5741  5960  6182  6401  6618  6836  7051
  San Juan Caribbean Pearls      699   897  1100  1303  1499  1697  1897  2096  2298  2494  2694  2896  3098  3294  3497  3696  3897  4097  4291  4491  4691  4889  5090  5290  5484  5680  5878  6078  6277  6479
  Stockholm Northern Lights      695   891  1083  1277  1472  1668  1865  2059  2248  2437  2624  2815  3009  3206  3400  3593  3785  3981  4175  4371  4566  4760  4960  5155  5350  5547  5738  5933  6126  6318
  Vanuatu Coral Crushers         698   900  1099  1337  1517  1698  1885  2071  2252  2435  2617  2795  2971  3149  3334  3521  3706  3892  4076  4258  4439  4617  4806  4986  5169  5351  5535  5711  5891  6071
  Caracas Caribbean Coast        665   827   987  1152  1316  1479  1639  1797  1954  2116  2278  2440  2600  2759  2922  3080  3238  3399  3559  3720  3878  4037  4192  4345  4500  4662  4827  4991  5153  5314
  Warsaw Vistula Waves           679   857  1036  1249  1425  1595  1765  1937  2107  2276  2443  2618  2794  2966  3143  3319  3491  3669  3842  4025  4156  4286  4420  4527  4609  4693  4777  4857  4936  5035
  Rio Copacabana Queens          453   490   524   621   760   762   765   858  1069  1120  1170  1224  1535  1729  1844  2160  2322  2373  2501  2503  2573  2587  2876  3280  3471  3646  3980  4154  4487  4876
  Manila Bay Pearls              702   903  1101  1300  1498  1697  1901  2102  2305  2527  2702  2857  2964  3072  3181  3288  3395  3501  3609  3716  3822  3929  4038  4145  4254  4362  4470  4579  4685  4793
  LA Beach Legends               719   985  1164  1200  1231  1325  1455  1571  1591  1612  1916  2139  2536  2580  2648  2799  2824  2975  2999  3288  3525  3677  3733  3790  3846  4062  4257  4439  4482  4645
  Casablanca Atlantic Spikers    661   822   983  1142  1301  1460  1617  1775  1938  2100  2257  2415  2573  2736  2899  3059  3215  3371  3529  3664  3779  3867  3957  4044  4131  4214  4300  4365  4434  4500
  Bondi Beach Legends            436   401   376   277  500*   513   625   683   910  1138  1415  1439  1430  1617  1742  1761  1790  1807  1929  2093  2253  2389  2546  2710  2864  3057  3387  3744  4019  4199
  Dar es Salaam Swahili Stars    615   733   850   966  1083  1196  1312  1430  1545  1662  1781  1897  2014  2129  2249  2364  2472  2586  2697  2815  2935  3055  3178  3297  3414  3530  3642  3755  3862  3975
  Samoa Southern Swells          637   775   910  1045  1169  1271  1380  1488  1593  1697  1801  1906  2009  2116  2223  2330  2440  2544  2652  2758  2864  2971  3079  3188  3294  3399  3501  3603  3708  3813
  La Paz Andean Queens           600   700   800   906  1014  1121  1230  1336  1438  1538  1641  1745  1848  1949  2054  2156  2256  2358  2461  2565  2671  2776  2884  2992  3097  3198  3298  3398  3498  3599
  Shanghai Yangtze Elites        588   710   747   707   665   782   738   671   575   483  500*   471   526   552   621   640   940  1392  1818  1882  1982  2184  2504  2715  2896  3145  3378  3417  3455  3531
  Taipei Formosa Spikers         596   690   784   881   974  1067  1164  1264  1362  1462  1562  1656  1749  1846  1946  2045  2143  2244  2341  2437  2534  2629  2724  2823  2918  3007  3099  3195  3294  3393
  Seoul Han River Queens         491   483   475   695   949  1152  1197  1258  1247  1275  1325  1349  1351  1291  1283  1506  1766  1902  1922  1945  2056  2273  2352  2392  2433  2474  2558  3095  3188  3283
  Nassau Island Blazers          591   684   776   870   964  1058  1153  1248  1340  1429  1517  1609  1704  1798  1893  1987  2078  2169  2266  2359  2449  2544  2639  2733  2824  2919  3010  3103  3191  3280
  Bali Island Legends            639   778   920  1023  1063  1104  1150  1196  1237  1314  1398  1485  1572  1722  1892  2060  2228  2397  2568  2685  2731  2783  2839  2894  2947  3003  3060  3116  3198  3253
  Honolulu Aloha Warriors        533   719   842   983  1067  1149  1233  1319  1404  1485  1566  1650  1732  1813  1896  1980  2059  2140  2225  2308  2393  2479  2564  2648  2729  2811  2892  2972  3056  3134
  Miami Shoreline Queens         458   415   442   507   710   902  1033  1206  1257  1324  1317  1313  1284  1450  1880  2022  2263  2319  2611  2667  2763  2802  2839  2920  3066  3209  3161  3113  3121  3110
  São Paulo Beach Warriors       565   903  1058  1115  1170  1480  1610  1707  1857  2077  2119  2215  2272  2360  2471  2423  2376  2418  2434  2481  2494  2509  2524  2533  2546  2624  2847  3002  3029  3075
  Wellington Southern Cross      588   675   763   851   940  1030  1119  1207  1290  1372  1454  1537  1622  1708  1793  1881  1964  2046  2126  2212  2298  2384  2470  2557  2638  2721  2806  2888  2972  3059
  Dublin Emerald Spikers         586   672   756   842   927  1011  1093  1178  1262  1350  1436  1518  1603  1687  1770  1854  1938  2025  2111  2198  2284  2365  2445  2529  2617  2705  2792  2876  2961  3046
  Ho Chi Minh City Delta Star    586   671   758   840   920  1002  1088  1173  1258  1342  1429  1516  1602  1686  1767  1846  1931  2017  2103  2188  2273  2355  2442  2524  2607  2691  2776  2862  2948  3036
  Tunis Mediterranean Aces       581   666   751   837   923  1002  1085  1168  1249  1327  1412  1500  1587  1675  1758  1843  1926  2002  2085  2164  2242  2326  2413  2499  2584  2667  2749  2831  2913  2993
  Montevideo Río Elites          593   688   783   878   973  1065  1161  1256  1350  1440  1533  1629  1727  1825  1926  2017  2086  2121  2160  2160  2159  2198  2294  2393  2493  2593  2688  2789  2890  2986
  Athens Aegean Stars            631   747   853   983  1114  1242  1376  1501  1681  1846  1952  2063  2164  2206  2250  2289  2330  2372  2412  2449  2487  2519  2554  2593  2631  2670  2708  2743  2778  2815
  Lisbon Atlantic Blaze          576   653   726   797   867   941  1018  1090  1166  1242  1318  1393  1470  1547  1623  1700  1772  1842  1914  1990  2064  2140  2213  2287  2364  2440  2515  2590  2661  2729
  Havana Salsa Spikers           475   440   334   260  500*   488   475   443   528   659   763   821  1059  1208  1198  1151  1172  1382  1612  1713  2000  2224  2327  2386  2470  2564  2630  2623  2610  2618
  Berlin Sand Queens             420   358   395   482   631   894  1012  1050  1031  1013  1041  1144  1117  1362  1487  1489  1544  1519  1419  1318  1218  1398  1731  1756  1961  2148  2263  2392  2489  2586
  Kingston Reggae Spikers        561   622   686   750   817   884   947  1010  1071  1133  1197  1257  1320  1386  1451  1512  1573  1637  1706  1774  1842  1908  1974  2039  2103  2164  2221  2286  2351  2413
  Gold Coast Thunderbirds        503   559   601   643   679   755   908   965   972   950   873   799   826  1016  1214  1433  1576  1563  1553  1620  1724  1728  1726  1823  1820  2014  1993  2112  2355  2386
  Myrtle Beach Sunblazers        634   769   865   922   976  1030  1084  1139  1197  1258  1311  1363  1415  1466  1521  1578  1636  1692  1745  1804  1864  1922  1978  2032  2088  2144  2198  2255  2314  2367
  Bangkok Palm Beach Stars       557   672   687   661   759   798   817   815   774   732   695   658  500*   553   750  1232  1551  1702  1725  1740  1759  1870  1875  1892  1961  2085  2141  2216  2225  2319
  Nairobi Savannah Stars         613   674   698   725   751   801   851   899   950   997  1041  1095  1163  1314  1443  1509  1549  1590  1635  1680  1728  1813  1893  1968  2008  2030  2055  2080  2102  2126
  Buenos Aires Pampas Storm      452   406   468   566   576   585   719   742   763   783   784   862   976   966   954  1034  1085  1170  1186  1232  1244  1252  1425  1591  1753  1791  1882  1912  2006  2040
  Durban Indian Ocean Tides      525   475   439   389   367  500*   532   524   504   491   476   464  500*   666   965  1201  1435  1614  1792  1907  1888  1852  1822  1863  1905  1906  1911  1994  1984  2031
  Lagos Surf Queens              451   363   306   304   174   128    34   178   384   458   449   453   579   529   508   422   461   820  1005  1045  1079  1294  1511  1850  2043  2105  2190  2143  2050  1978
  Lima Pacific Soarers           611   658   702   758  1072  1155  1236  1330  1263  1144  1028   911  500*   574   696   725   738   720   818  1041  1221  1359  1444  1617  1786  1890  1828  1778  1816  1911
  Barcelona Playa Elites         479   535   798   870   781   691   604   489   714   748   854   887   949   964  1166  1325  1270  1220  1171  1121  1202  1217  1229  1206  1136  1217  1411  1528  1856  1894
  Mumbai Coastal Warriors        676   797   913  1024  1141  1227  1256  1277  1331  1351  1374  1421  1441  1459  1481  1503  1524  1546  1567  1587  1611  1630  1651  1668  1686  1699  1720  1744  1769  1792
  Amsterdam Dune Riders          551   548   547   543   542   540   533   528   520   564   582   600   677   790   807   822   863   885   935  1039  1051  1078  1074  1073  1226  1340  1452  1563  1674  1782
  Fiji Island Breakers           599   698   794   888   984  1078  1128  1139  1148  1160  1166  1203  1243  1268  1292  1316  1341  1402  1425  1447  1473  1502  1545  1553  1561  1574  1603  1604  1658  1696
  Tokyo Surf Samurai             411   373   300   430   637   639   738   757   783   866   955  1016  1170  1226  1261  1270  1196  1124  1149  1245  1287  1328  1349  1385  1546  1569  1552  1509  1450  1666
  Cancún Coral Storm             480   463   446   425   422   375   311   247   184   189   215   347   384   402   349   299   251   237  500*   636   709   801   805   863  1157  1242  1324  1418  1470  1585
  Paris Sables Royales           496   462   429   394   364   380   381   417   345   278   184    96  500*   506   615   790   818   723   662   862   989  1132  1325  1379  1469  1450  1494  1621  1652  1582
  Vancouver Pacific Orcas        573   597   622   646   667   689   710   735   793   838   882   918   961  1003  1048  1091  1138  1140  1206  1230  1252  1276  1320  1328  1339  1352  1392  1405  1467  1486
  Port Moresby Coral Aces        526   552   578   606   641   674   705   734   764   793   825   862   898   932   966  1001  1039  1075  1109  1140  1169  1200  1234  1269  1304  1339  1371  1406  1441  1473
  Honolulu Hula Warriors         658   765   842   841   840   840   840   839   841   852   821   846   830   840   837   846   876   965   962   993  1003  1015  1027  1041  1055  1067  1078  1083  1089  1200
  Auckland Pacific Diamonds      509   557   580   517   455   397   297  500*   464   372   418   426   431   436   441   444   449   455   525   596   853  1075  1176  1255  1270  1224  1186  1195  1155  1117
  Bogotá Altitude Queens         512   463   462   463   410   357   392   394   393   470   489   484   441   400   358   314  500*   532   565   596   630   666   702   737   769   799   831   861   889   916
  Santiago Atacama Aces          535   545   528   503   529   661   661   656   655   656   690   670   682   696   710   723   737   747   759   772   786   802   816   833   843   856   871   883   897   904
  Rome Beach Gladiators          519   541   566   589   665   753   813   872   964   953   942   932   925   914   906   893   879   864   855   844   839   832   824   816   806   796   783   771   759   750
  Dubai Sand Aces                576   647   718   814   844   851   890   924   957   989  1016   993   971   953   933   916   897   877   859   843   828   814   799   780   757   736   716  500*   575   652
  Cairo Desert Eagles            513   566   578   710   896   848  1017  1201  1244  1322  1329  1518  1608  1541  1455  1371  1340  1411  1464  1485  1605  1599  1590  1603  1502  1449  1392  1322  500*  500*
  Georgetown Guyana Waves        463   426   391   356  500*   465   433   398   364  500*   466   434   400   366  500*   461   426   387   348  500*   464   431   397   363  500*   467   433   398   363  500*

4. MONEY MEANS SOMETHING FOR THEM TOO
  PASS  a run separates the clubs that made money from the ones that lost it  richest $8,115,612, poorest $500,000
