  EVERY CLUB'S BALANCE, PER SEASON, IN THOUSANDS ($k) — * = sold that season
  club                             1     2     3     4     5     6     7     8     9    10    11    12    13    14    15    16    17    18    19    20    21    22    23    24    25    26    27    28    29    30
  Barcelona Playa Elites         177  -100    10   -84  -337  -515  -807  500*   288   165    68  -161  500*   530   439   536   492   516   694   854   992   925   962   945   878   904   861   844   967   970
  São Paulo Beach Warriors       193   -80  -388  -697  500*   448   231   254   140   -22  -222  -174  500*   386    96  -117  -292  500*   343   202   179   269    63  -142  -347  -464  500*   630   801   712
  Rio Copacabana Queens          189    -5   115   -46  -169  -242  -414  500*   402   498   407   227    49    14   186   327   336   245   111   -19   136   150    48   160    31  -193  -214  -313  500*   592
  Paris Sables Royales           410   362   140  -136  500*   206   -65  -292  -604  500*   404   135  -138  -411  500*   206   185   -46  -276  500*   213  -114  -449  -690  500*   200     2  -138  -210  500*
  Rome Beach Gladiators          259    18  -219  -519  500*   263    70  -130  -187  500*   259    54  -175  -455  500*   230   -52  -317  -531  500*   222    13  -122  -402  500*   379    83  -239  -561  500*
  Amsterdam Dune Riders          331   161   -11  -183  500*   330   157   -16  -187  500*   328   157   -15  -184  500*   332   163    -3  -172  500*   331   164    -9  -177  500*   332   164    -6  -179  500*
  Athens Aegean Stars            375   190     4  -184  500*   310    92  -123  -338  500*   368   239   112   -12  500*   372   240   107   -19  500*   373   247   118   -10  500*   376   248   123    -6  500*
  Warsaw Vistula Waves           415   323   174    47  500*   413   327   231   141  500*   412   322   232   147  500*   414   329   247   159  500*   414   328   242   159  500*   410   322   234   149  500*
  Stockholm Northern Lights      435   372   311   247  500*   438   374   311   246  500*   429   361   294   227  500*   437   369   302   235  500*   432   363   298   236  500*   452   320   189    60  500*
  Seoul Han River Queens         223   -50  -309  -601  500*   229   -44  -256  -401  500*   346    48  -240  -246  500*   226   -33  -295  -465  500*   232   -35  -272  -542  500*   223    -4  -146  -475  500*
  Bangkok Palm Beach Stars       319    71  -182  -454  500*   362   104  -162  -420  500*   291    46  -170  -426  500*   295   137    -6  -173  500*   348   318   145  -135  500*   333    90  -117  -373  500*
  Mumbai Coastal Warriors        359   221    80   -65  500*   355   210    88   -99  500*   357   258   132    13  500*   357   214    71   -31  500*   369   146   -98  -299  500*   465   267    73  -125  500*
  Bali Island Legends            379   223     3  -215  500*   375   244   115    -7  500*   380   257   135    11  500*   379   256   132     9  500*   377   254   134    14  500*   378   257   135    10  500*
  Manila Bay Pearls              439   378   317   252  500*   439   378   319   259  500*   436   378   313   248  500*   438   376   315   251  500*   439   382   323   264  500*   442   386   329   269  500*
  LA Beach Legends               286   117   -79    87   311   261    88  -172  -431  500*   423   376   163   221   242   273   349   292    88   -57  -118  500*   382   545   724   656   550   410   311  500*
  Cancún Coral Storm             214    36   -50  -255  500*   258   -27  -303  -583  500*   220   -65  -348  -622  500*   218   -22  -252  -386  500*   217    -4   -21  -277  500*   222   -54  -332  -507  500*
  Havana Salsa Spikers           278    22  -231  -487  500*   225   -51  -238  -450  500*   231   -37  -302  -577  500*   232   -39  -309  -585  500*   229   -42  -325  -595  500*   228   -42  -314  -585  500*
  Honolulu Aloha Warriors        264    30  -201  -437  500*   265   -36  -313  -484  500*   273     7  -283  -553  500*   269    37  -197  -424  500*   264    28  -212  -383  500*   270    42  -165  -441  500*
  Vancouver Pacific Orcas        331   163    -3  -168  500*   330   157   -11  -180  500*   337   176    29  -218  500*   338   175    10  -154  500*   335   173     8  -157  500*   338   175     9  -155  500*
  Myrtle Beach Sunblazers        380   261   140    16  500*   379   256   132   -11  500*   377   257   140    22  500*   337   114  -102  -285  500*   384   222    43  -130  500*   393   268    94   -95  500*
  San Juan Caribbean Pearls      442   381   320   260  500*   438   376   312   251  500*   439   378   321   261  500*   442   386   328   271  500*   440   382   323   264  500*   440   383   321   260  500*
  Buenos Aires Pampas Storm      191  -115  -460  -759  500*   196    10  -213  -431  500*   270    32  -205  -443  500*   350   113   -19  -250  500*   376   223    98  -141  500*   297   177   -82  -238  500*
  Lima Pacific Soarers           247   -63  -335  -634  500*   219   -66  -347  -549  500*   364   215    -6  -277  500*   218   -68  -351  -630  500*   221   -57  -338  -540  500*   220   -62  -266  -502  500*
  Bogotá Altitude Queens         290     3  -284  -544  500*   274    45  -178  -404  500*   273    45  -185  -414  500*   272    41  -183  -411  500*   273    46  -184  -409  500*   270    39  -192  -421  500*
  Santiago Atacama Aces          245   -11  -272  -530  500*   251   -81  -344  -632  500*   271    42  -188  -353  500*   277    58  -165  -391  500*   275    48  -193  -457  500*   277    51  -175  -403  500*
  Montevideo Río Elites          337   172     9  -156  500*   338   119  -138  -396  500*   331   160    -3  -166  500*   336   173    11  -150  500*   337   171     7  -157  500*   334   171    10  -150  500*
  Caracas Caribbean Coast        405   307   207   107  500*   400   298   197    98  500*   404   307   207   109  500*   402   301   201   104  500*   400   297   199   103  500*   398   301   205   108  500*
  Cairo Desert Eagles            220  -115  -462  -825  500*   297   189   -30  -249  500*   245  -113  -383  -536  500*   260   -33  -326  -584  500*   240   340   137   -27    88    47  -150  -377  -589  500*
  Durban Indian Ocean Tides      276    53  -189  -504  500*   243   -69  -378  -687  500*   266    36  -191  -420  500*   276    49  -181  -406  500*   275    46  -188  -420  500*   270    44  -177  -404  500*
  Dubai Sand Aces                312   119  -106  -341  500*   380   214    64    -3  500*   314   123  -101  -387  500*   267    58  -175  -441  500*   287    51  -112  -307  500*   316   130   -58  -244  500*
  Nairobi Savannah Stars         361   216    75   -88  500*   360   217    72   -72  500*   359   217    76   -68  500*   353   208    67   -76  500*   361   220    72   -72  500*   355   208    66   -77  500*
  Casablanca Atlantic Spikers    399   300   201   101  500*   402   300   204    70  500*   361   202     5  -189  500*   404   269   143    68  500*   399   300   199    99  500*   402   274   109   -36  500*
  Accra Goldcoast Waves          458   418   378   333  500*   460   416   375   332  500*   386   266   127    21  500*   425   316   185    47  500*   411   319   216    98  500*   440   332   226    93  500*
  Riyadh Dune Dominators         477   454   433   409  500*   472   401   306   197  500*   479   462   442   419  500*   469   445   423   402  500*   477   454   427   404  500*   481   455   429   408  500*
  Bondi Beach Legends            327   394   340   254   127    64  500*   165   -92  -153  -375  500*   290   174    57   -75  500*   237   112   256   189   -78  -303  -437  500*   486   263   242   172  500*
  Gold Coast Thunderbirds        205   184    32  -176  500*   180   -93   -17  -292  500*   171  -173  -466  -633  500*   327   120   -87  -296  500*   225   -78  -282  -501  500*   197    29  -142  -459  500*
  Auckland Pacific Diamonds      233   -36  -304  -570  500*   249    13  -230  -474  500*   337   298   101   -93  500*   235     0  -282  -519  500*   231   -12  -344  -643  500*   237   -31  -299  -613  500*
  Honolulu Hula Warriors         292    86  -122  -330  500*   291    79  -128  -331  500*   290    83  -120  -326  500*   299    94  -116  -326  500*   292    85  -126  -336  500*   289    84  -119  -329  500*
  Fiji Island Breakers           311    84  -108  -314  500*   339   125  -125  -397  500*   339   176     7  -159  500*   332   170     7  -159  500*   337   168    -1  -165  500*   338   175    10  -155  500*
  Samoa Southern Swells          374   250   130     8  500*   376   250   129     3  500*   379   257   136    10  500*   376   254   131     7  500*   379   259   135     9  500*   375   256   132     8  500*
  Vanuatu Coral Crushers         445   389   332   279  500*   445   388   289   203  500*   392   289   179    58  500*   479   389   266   136  500*   428   324   207    95  500*   410   311   182    74  500*
  Tonga Polynesian Power         469   444   417   390  500*   471   445   362   239  500*   467   438   408   334  500*   472   442   369   252  500*   469   406   300   200  500*   477   379   272   164  500*
  Tunis Mediterranean Aces       325   147   -30  -209  500*   321   141   -35  -211  500*   324   149   -23  -199  500*   328   151   -29  -206  500*   325   149   -28  -199  500*   325   147   -24  -199  500*
  Dar es Salaam Swahili Stars    355   209    62   -80  500*   351   197    43  -109  500*   359   218    71   -75  500*   356   213    65   -85  500*   352   203    53   -96  500*   356   210    59   -85  500*
  Ho Chi Minh City Delta Star    324   146   -32  -207  500*   324   141   -36  -217  500*   322   147   -24  -196  500*   326   150   -29  -206  500*   325   151   -23  -197  500*   323   148   -24  -195  500*
  Taipei Formosa Spikers         334   167    -2  -168  500*   332   164     2  -156  500*   339   176     4  -164  500*   336   173     4  -161  500*   336   175     9  -155  500*   335   172     8  -152  500*
  Port Moresby Coral Aces        272    43  -185  -413  500*   274    43  -188  -419  500*   276    51  -172  -396  500*   275    45  -184  -413  500*   272    45  -188  -416  500*   274    47  -179  -406  500*
  Wellington Southern Cross      324   150   -26  -195  500*   328   148   -23  -206  500*   320   141   -35  -213  500*   322   146   -28  -203  500*   325   146   -35  -214  500*   320   141   -36  -212  500*
  Lisbon Atlantic Blaze          314   126   -58  -243  500*   314   124   -65  -255  500*   310   120   -67  -252  500*   307   119   -69  -259  500*   312   125   -62  -245  500*   316   136   -52  -242  500*
  Dublin Emerald Spikers         328   155   -17  -193  500*   328   152   -18  -195  500*   320   142   -33  -211  500*   323   149   -23  -196  500*   325   143   -36  -212  500*   329   155   -23  -200  500*
  Kingston Reggae Spikers        306   107   -90  -290  500*   300    93  -102  -298  500*   301   106   -93  -293  500*   298   103   -92  -292  500*   302   100  -102  -297  500*   302   105   -93  -291  500*
  Nassau Island Blazers          334   168     1  -165  500*   331   159   -12  -181  500*   333   162    -5  -171  500*   332   165     0  -170  500*   330   163   -10  -175  500*   334   167     3  -163  500*
  Georgetown Guyana Waves        208   -84  -376  -670  500*   207   -92  -389  -681  500*   206   -86  -379  -671  500*   209   -82  -381  -679  500*   205   -90  -394  -695  500*   203   -88  -380  -672  500*
  La Paz Andean Queens           346   193    36  -124  500*   345   186    31  -127  500*   342   187    31  -129  500*   341   178    21  -137  500*   343   188    31  -123  500*   341   181    27  -124  500*
  Berlin Sand Queens             182  -198  -581  -774  500*   392   212   129   144    73  -112   -10   -76  500*   484   398   129    -5    39   -25  -263  -653 -1048  500*   165  -173  -515  -807  500*   335
  Kuala Lumpur Monsoon FC        492   488   480   472   468   466   458   453   449   443   438   434   425   414   406   401   393   385   381   377   374   369   361   353   348   344   334   325   318   312
  Miami Shoreline Queens         277    99   -76  -294  500*   196   135    44  -177  500*   232   -77   -68  -269  500*   260   250   132   104  500*   297    74  -157  -383  500*   327   500   301   100   -81
  Lagos Surf Queens              219    52  -168  -471  500*   193    19   -70  -330  500*   197     9    92    62  -133  -325  -510  500*   318   150  -174  -442  500*   218  -125  -384  -663  500*   235   -81
  Tokyo Surf Samurai             490   399   247     9  -200  500*   242   108  -115  -294  500*   344   118  -199  -486  500*   139    66  -122  -494  500*   239    62     2  -119  500*   184    10   -52  -125
  Shanghai Yangtze Elites        254   -41  -359  -688  500*   504   470   252    27  -187  500*   210   -82  -372  -670  500*   328   277    75  -103  500*   208   -87  -263  -506  500*   324   140   -48  -235

4. MONEY MEANS SOMETHING FOR THEM TOO
  PASS  a run separates the clubs that made money from the ones that lost it  richest $970,484, poorest -$235,007
