  EVERY CLUB'S BALANCE, PER SEASON, IN THOUSANDS ($k) — * = sold that season
  club                             1     2     3     4     5     6     7     8     9    10    11    12    13    14    15    16    17    18    19    20    21    22    23    24    25    26    27    28    29    30
  Kuala Lumpur Monsoon FC       1012  1524  2036  2550  3068  3585  4110  4617  5136  5653  6172  6683  7195  7709  8228  8737  9247  9759 10271 10784 11298 11809 12328 12843 13355 13872 14386 14899 15412 15924
  Riyadh Dune Dominators         999  1499  2001  2502  3001  3497  4004  4503  5000  5500  6004  6507  7008  7507  8016  8513  9015  9518 10021 10518 11016 11511 12018 12511 13008 13507 14004 14501 14998 15496
  Tonga Polynesian Power         993  1486  1974  2465  2959  3451  3951  4443  4940  5435  5929  6421  6913  7406  7907  8398  8892  9382  9873 10365 10860 11352 11852 12342 12833 13325 13820 14313 14806 15296
  San Juan Caribbean Pearls      962  1423  1882  2341  2800  3260  3727  4184  4636  5087  5550  6010  6472  6934  7399  7859  8318  8770  9226  9685 10147 10611 11080 11538 11994 12454 12913 13369 13828 14287
  Stockholm Northern Lights      954  1408  1865  2317  2765  3215  3676  4129  4581  5033  5488  5945  6400  6855  7314  7764  8214  8664  9118  9575 10028 10480 10942 11392 11847 12302 12753 13205 13657 14112
  Rio Copacabana Queens          964  1574  2234  2543  2857  3218  3688  4084  4619  4932  5251  5675  6264  6783  7243  7780  8073  8480  8782  9351  9706 10024 10506 11234 11767 12080 12434 12803 13219 13869
  Accra Goldcoast Waves          980  1460  1939  2416  2889  3363  3848  4320  4799  5279  5756  6232  6752  7263  7688  8101  8512  8924  9339  9752 10169 10583 11007 11412 11794 12178 12565 12953 13339 13725
  Vanuatu Coral Crushers         960  1418  1878  2343  2807  3269  3738  4194  4656  5116  5582  6046  6512  6975  7447  7989  8394  8764  9126  9491  9856 10224 10598 10969 11339 11707 12074 12448 12821 13192
  Caracas Caribbean Coast        924  1345  1768  2188  2609  3029  3452  3869  4294  4713  5130  5547  5964  6385  6813  7233  7650  8067  8487  8907  9332  9754 10186 10612 11037 11457 11874 12293 12713 13130
  LA Beach Legends               725   988  1333  1679  1911  2146  2447  2906  3398  3783  4262  4756  5234  5508  6060  6574  6985  7526  7840  8122  8366  8741  9219  9699 10164 10722 11316 11967 12438 12905
  Manila Bay Pearls              962  1422  1881  2342  2805  3269  3746  4212  4678  5140  5601  6044  6418  6806  7180  7547  7912  8280  8648  9018  9384  9749 10121 10490 10902 11291 11683 12070 12457 12872
  Cancún Coral Storm             900  1456  1935  2339  2784  3261  3991  4301  4712  5039  5431  5746  6083  6413  6732  7031  7305  7537  7707  7873  8380  8715  9090  9508 10231 10576 11172 11651 11996 12340
  Myrtle Beach Sunblazers        899  1298  1697  2091  2490  2888  3294  3697  4098  4497  4891  5287  5685  6079  6487  6886  7285  7683  8081  8472  8866  9261  9669 10068 10468 10864 11238 11545 11894 12212
  Dar es Salaam Swahili Stars    871  1245  1621  1997  2367  2741  3124  3498  3875  4253  4632  5009  5384  5757  6141  6516  6892  7262  7630  8003  8381  8758  9140  9515  9890 10264 10640 11014 11385 11756
  São Paulo Beach Warriors       711   919  1127  1473  1779  2115  2423  2729  3042  3528  3988  4347  4701  5019  5445  5869  6293  6569  6900  7220  7539  8044  8362  8868  9346  9773 10296 10613 10998 11486
  Lagos Surf Queens              717  1027  1392  1656  1888  2067  2275  2897  3365  3758  3991  4166  4342  4520  4766  5040  5291  5827  6566  7052  7479  7910  8503  8817  9131  9533 10027 10559 11027 11466
  La Paz Andean Queens           866  1236  1602  1967  2332  2690  3052  3414  3771  4134  4495  4860  5225  5592  5965  6334  6697  7062  7424  7789  8151  8515  8887  9253  9616  9978 10343 10708 11073 11436
  Shanghai Yangtze Elites        719   866  1065  1584  1851  2131  2500  2753  3213  3696  3927  4115  4538  4775  5198  5890  6416  6736  7059  7423  7940  8397  8728  9018  9310  9669 10084 10724 11057 11392
  Vancouver Pacific Orcas        858  1286  1684  2081  2529  2916  3311  3693  4076  4454  4839  5165  5461  5781  6126  6447  6772  7098  7490  7858  8221  8583  8954  9325  9651  9975 10299 10621 10945 11270
  Casablanca Atlantic Spikers    880  1251  1602  1958  2314  2674  3040  3402  3760  4118  4477  4833  5184  5535  5895  6255  6603  6998  7370  7742  8111  8481  8859  9250  9577  9908 10237 10587 10913 11241
  Taipei Formosa Spikers         854  1209  1566  1924  2282  2638  2994  3347  3698  4054  4407  4765  5121  5478  5841  6197  6555  6913  7271  7629  7983  8339  8703  9059  9415  9771 10128 10485 10843 11200
  Warsaw Vistula Waves           932  1324  1695  2066  2453  2816  3183  3544  3907  4268  4627  4979  5372  5715  6064  6405  6743  7083  7423  7763  8134  8475  8822  9161  9498  9832 10169 10504 10844 11187
  Buenos Aires Pampas Storm      882  1317  1654  1964  2543  2862  3187  3456  3845  4215  4762  5081  5397  5745  6069  6388  6899  7219  7538  7877  8332  8612  8894  9171  9451  9731 10009 10415 10869 11184
  Nassau Island Blazers          855  1210  1565  1919  2269  2624  2986  3340  3694  4048  4399  4747  5099  5449  5804  6153  6507  6857  7206  7557  7908  8260  8621  8975  9328  9682 10033 10386 10735 11088
  Athens Aegean Stars            866  1181  1497  1816  2143  2481  2819  3156  3495  3838  4183  4526  4863  5204  5549  5885  6259  6593  6891  7223  7531  7943  8423  8758  9113  9661 10060 10359 10660 10961
  Dublin Emerald Spikers         844  1187  1531  1876  2220  2564  2917  3263  3609  3955  4302  4648  4993  5340  5693  6043  6388  6733  7076  7421  7769  8112  8465  8809  9153  9500  9849 10197 10547 10896
  Wellington Southern Cross      841  1179  1518  1863  2213  2565  2920  3266  3610  3954  4300  4644  4985  5328  5681  6031  6377  6721  7065  7406  7751  8097  8450  8797  9139  9483  9828 10178 10528 10868
  Tunis Mediterranean Aces       845  1190  1535  1881  2230  2576  2928  3271  3616  3959  4301  4646  4987  5330  5682  6025  6370  6715  7059  7402  7743  8089  8436  8776  9121  9464  9807 10148 10496 10843
  Ho Chi Minh City Delta Star    845  1191  1539  1883  2226  2566  2913  3255  3596  3939  4284  4633  4981  5326  5673  6016  6356  6697  7036  7380  7726  8073  8426  8772  9120  9468  9810 10153 10495 10835
  Tokyo Surf Samurai             708  1004  1156  1315  1652  2253  2725  3363  3654  4032  4445  4809  5295  5713  6047  6217  6386  6602  6872  7064  7252  7463  8044  8408  8586  8743  9147  9640 10407 10825
  Bali Island Legends            899  1317  1654  2021  2392  2694  3007  3378  3741  4047  4350  4652  4957  5266  5580  5886  6191  6497  6804  7155  7506  7861  8224  8603  8960  9319  9675 10033 10390 10748
  Lisbon Atlantic Blaze          832  1167  1497  1824  2152  2487  2821  3155  3491  3826  4158  4490  4822  5153  5488  5821  6151  6477  6805  7141  7474  7806  8147  8482  8813  9150  9483  9817 10149 10481
  Barcelona Playa Elites         687   874  1059  1428  1671  1916  2384  2791  3039  3367  3715  3981  4289  4572  4897  5257  5673  6212  6655  7072  7463  7757  8056  8395  8694  8991  9287  9661  9934 10459
  Amsterdam Dune Riders          847  1154  1469  1758  2047  2345  2636  2899  3163  3467  3740  4044  4348  4654  4967  5276  5586  5894  6196  6497  6751  7005  7433  7860  8285  8709  9128  9547 10011 10450
  Berlin Sand Queens             990  1438  1972  2309  2525  3024  3417  3602  3791  3981  4216  4452  4663  4822  5107  5794  6081  6361  6709  6956  7202  7446  7695  7939  8180  8700  9146  9477  9930 10407
  Bondi Beach Legends            774  1213  1465  1777  2043  2342  2670  3037  3255  3547  3965  4357  4721  5032  5400  5632  5868  6087  6494  7155  7622  8090  8491  8726  9010  9264  9516  9801 10042 10324
  Nairobi Savannah Stars         873  1250  1626  1965  2277  2584  2900  3207  3514  3796  4078  4386  4677  5033  5378  5717  6056  6392  6732  7071  7402  7746  8096  8445  8790  9117  9422  9704  9988 10316
  Kingston Reggae Spikers        826  1151  1472  1798  2123  2448  2779  3105  3432  3754  4078  4402  4727  5051  5380  5702  6024  6348  6672  6999  7324  7642  7971  8294  8617  8941  9264  9587  9909 10234
  Samoa Southern Swells          901  1214  1527  1840  2150  2458  2772  3102  3449  3748  4048  4350  4658  4959  5265  5565  5870  6176  6481  6820  7168  7513  7866  8215  8566  8913  9254  9572  9882 10195
  Mumbai Coastal Warriors        875  1202  1483  1768  2052  2338  2626  2912  3197  3486  3773  4054  4473  4855  5244  5687  6082  6398  6819  7158  7474  7758  8042  8320  8603  8939  9254  9563  9855 10182
  Seoul Han River Queens         753  1006  1260  1514  1772  1958  2148  2335  2532  2748  2927  3106  3285  3618  4096  4527  4993  5460  5775  6077  6422  7117  7484  7844  8273  8605  8997  9353  9728 10054
  Miami Shoreline Queens         713   922  1130  1327  1508  1709  1929  2182  2476  2810  3123  3335  3747  4309  4634  4954  5271  5588  5932  6376  6829  7130  7470  7788  8105  8451  8772  9093  9437  9865
  Rome Beach Gladiators          797  1058  1320  1726  2065  2407  2758  3148  3562  3951  4404  4754  5107  5412  5677  5963  6242  6461  6678  6894  7235  7651  7927  8258  8644  8885  9117  9384  9583  9782
  Paris Sables Royales           726   952  1181  1404  1631  1881  2069  2389  2889  3378  3679  3967  4245  4919  5258  5593  5927  6256  6630  6868  7101  7356  7574  7791  8072  8504  8838  9171  9486  9694
  Honolulu Hula Warriors         814  1122  1388  1682  1919  2159  2404  2645  2884  3132  3407  3777  4007  4361  4728  5085  5522  5849  6194  6495  6826  7151  7485  7815  8141  8489  8768  9081  9324  9542
  Montevideo Río Elites          856  1244  1551  1858  2167  2483  2805  3125  3446  3736  3997  4258  4523  4786  5053  5318  5577  5875  6162  6428  6693  6956  7227  7535  7797  8062  8420  8791  9161  9528
  Fiji Island Breakers           856  1212  1569  1926  2286  2549  2815  3078  3343  3611  3918  4229  4520  4816  5130  5400  5673  5945  6218  6490  6755  7026  7320  7623  7935  8191  8450  8758  9043  9340
  Havana Salsa Spikers           743   991  1239  1488  1834  2321  2647  2970  3294  3613  3929  4249  4569  4892  5220  5544  5866  6256  6660  6941  7158  7448  7665  7878  8154  8351  8547  8818  9056  9294
  Port Moresby Coral Aces        794  1087  1376  1668  1958  2249  2546  2837  3132  3425  3717  4004  4299  4594  4896  5187  5479  5776  6072  6367  6663  6956  7253  7547  7839  8128  8417  8707  8997  9293
  Gold Coast Thunderbirds        742   986  1365  1684  2043  2477  2806  3129  3496  3734  3973  4210  4462  4633  4811  5109  5536  5969  6380  6682  6987  7221  7515  7904  8253  8504  8729  8917  9105  9286
  Dubai Sand Aces                839  1175  1512  1849  2187  2537  2844  3105  3364  3623  3885  4146  4409  4673  4980  5222  5461  5702  5946  6232  6507  6790  7058  7414  7744  8027  8278  8532  8823  9241
  Cairo Desert Eagles            751   997  1282  1529  1867  2152  2303  2509  2756  2936  3135  3418  3790  3971  4178  4379  4910  5259  5679  5995  6500  6886  7127  7360  7790  8063  8283  8476  8670  8862
  Durban Indian Ocean Tides      837  1140  1438  1667  1940  2214  2491  2711  2909  3195  3513  3950  4460  4802  5014  5240  5442  5722  5985  6245  6444  6640  6899  7107  7353  7553  7752  8023  8343  8553
  Bangkok Palm Beach Stars       826  1092  1352  1569  1791  2148  2537  2768  2994  3221  3466  3695  3926  4154  4392  4625  4860  5090  5322  5624  5877  6126  6383  6738  7130  7480  7736  7991  8278  8531
  Bogotá Altitude Queens         789  1076  1364  1684  1968  2175  2387  2697  2988  3279  3569  3863  4119  4329  4543  4752  4960  5167  5375  5643  5884  6120  6400  6659  6912  7230  7542  7853  8166  8476
  Santiago Atacama Aces          796  1092  1389  1676  1960  2247  2538  2808  3039  3273  3507  3740  3972  4202  4438  4667  4899  5133  5365  5600  5849  6099  6401  6692  6983  7275  7568  7863  8160  8455
  Auckland Pacific Diamonds      753  1002  1225  1451  1680  1906  2109  2286  2494  2761  2982  3210  3465  3744  3973  4198  4423  4697  4897  5169  5434  5714  5962  6275  6572  6952  7394  7689  7997  8363
  Lima Pacific Soarers           742   936  1179  1405  1659  1806  1955  2102  2241  2384  2525  2697  2841  3049  3291  3660  4120  4597  4943  5290  5635  5979  6330  6675  7019  7309  7548  7820  8012  8208
  Honolulu Aloha Warriors        761   961  1234  1525  1811  2101  2393  2676  2869  3130  3368  3605  3843  4084  4340  4610  4887  5118  5351  5580  5808  6035  6234  6432  6630  6879  7078  7278  7477  7739
  Georgetown Guyana Waves        727   956  1183  1407  1632  1857  2092  2320  2544  2769  2993  3217  3439  3664  3889  4111  4340  4568  4796  5024  5252  5477  5708  5935  6159  6386  6613  6838  7065  7286

4. MONEY MEANS SOMETHING FOR THEM TOO
  PASS  a run separates the clubs that made money from the ones that lost it  richest $15,923,911, poorest $7,286,266
