  EVERY CLUB'S BALANCE, PER SEASON, IN THOUSANDS ($k) — * = sold that season
  club                             1     2     3     4     5     6     7     8     9    10    11    12    13    14    15    16    17    18    19    20    21    22    23    24    25    26    27    28    29    30
  LA Beach Legends               893  1272  1867  2138  2311  2846  2890  2933  3486  4140  4429  4668  4962  4916  5638  5694  5746  6388  6441  6962  7658  7702  8498  8691  9412  9469 10017 10471 10975 11404
  Rio Copacabana Queens          942   936  1666  1813  2337  2780  3393  3574  4019  4425  4902  5548  5719  6155  6336  6744  6794  6845  7393  8013  8213  8395  8900  9272  9521  9964 10378 10756 11220 11398
  Rome Beach Gladiators          974  1431  1935  2371  2870  3251  3187  3127  3532  3949  3903  4314  4284  4716  5385  5780  5902  6540  7225  7353  7482  8123  8662  8754  8849  9478 10008 10505 11162 11277
  Miami Shoreline Queens        1028  1469  1928  2389  2869  2930  3553  3828  4227  4364  4837  5264  5796  6047  6401  6420  7061  7275  7820  8027  8642  8750  9475  9679  9736 10374 10417 10464 11056 11093
  Gold Coast Thunderbirds        957  1437  1842  2340  2378  2905  3284  3847  4244  4740  5046  5483  5844  6305  6734  6772  6816  7340  7799  7836  7874  8376  8759  9379  9410  9852  9782 10126 10696 10713
  Vanuatu Coral Crushers         704   910  1116  1321  1525  1727  1932  2536  3101  3230  3358  3922  4423  4540  4661  5230  5347  5466  5584  5705  6204  6783  6914  7481  8036  8149  8661  9271  9791 10447
  Seoul Han River Queens         491  1006  1534  1875  2342  3099  3190  3282  3374  3905  4433  4908  5354  5845  6306  6252  6862  6861  6857  6852  7433  7498  8064  8108  8709  8752  9272  9311  9879 10382
  São Paulo Beach Warriors       952  1555  1757  2154  2148  2651  2699  3275  3792  3817  3844  4332  4375  4420  4462  4504  5278  5330  5918  6356  6401  6947  7265  8031  8223  8694  8865  9549  9793 10047
  Dubai Sand Aces                575   650   725   802  1379  1964  2470  2961  2936  2912  2895  3379  3401  3928  3911  4683  4821  5370  5363  5352  6008  6381  6500  7015  7741  7797  8488  8884  9316  9766
  Barcelona Playa Elites         431   359   839   767   695  1102  1650  1838  2253  3017  3289  3549  3738  4397  4435  5005  5198  5919  6069  6698  6713  7265  7301  7869  8008  8435  8989  8981  9542  9578
  Berlin Sand Queens             822  1469  1409  1917  2631  2652  2676  3179  3204  3228  3780  4052  4475  4909  5079  5108  5134  5159  5706  5712  6539  6560  6586  7065  7547  7964  8359  8751  8734  9333
  Shanghai Yangtze Elites       1214  1375  1397  2124  2184  2089  1996  2626  2680  3158  3482  3409  3879  3806  4232  4720  4709  4696  4680  5245  5723  6482  6842  7144  7390  7857  8323  8894  9123  9181
  Manila Bay Pearls              699   898  1097  1296  1497  1702  1906  2102  2303  2505  2708  3357  3964  4072  4180  4788  5413  5514  5622  5728  6348  6933  7045  7150  7256  7364  7467  8022  8136  8790
  Kuala Lumpur Monsoon FC        752  1005  1261  1516  1768  2016  2277  2532  2783  3033  3285  3539  3795  4051  4310  4564  4821  5071  5324  5575  5828  6085  6346  6600  6855  7107  7357  7606  7855  8106
  Mumbai Coastal Warriors       1047  1073  1097  1121  1588  2079  2679  2830  3370  3406  3911  3948  3982  4489  4534  4579  4622  5170  5817  5941  6073  6202  6332  6931  7524  7923  7947  7971  7995  8016
  Casablanca Atlantic Spikers    662   825   985  1142  1628  2156  2715  2802  3351  3840  4341  4405  4469  4536  5057  5123  5185  5766  5849  5932  6020  6109  6196  6282  6753  7250  7316  7383  7923  8001
  Cancún Coral Storm             479  1117  1192  1267  1878  1939  2001  2560  3036  3590  3740  3719  3697  4246  4279  4844  5242  5215  5187  5618  5526  5922  5819  5719  6095  6555  6586  7072  7084  7897
  Havana Salsa Spikers           487   479   914  1339  1232  1621  1544  1466  1388  1311  500*  500*  1112  1338  1815  2223  2621  3328  3531  3577  4058  4565  4983  5569  6148  6361  6827  7344  7337  7838
  Bali Island Legends            642  1154  1701  2258  2326  2390  2459  3027  3082  3136  3193  3248  3302  3906  4496  4657  4814  5342  5902  6485  6538  6596  6655  7245  7344  7443  7542  7641  7735  7828
  Riyadh Dune Dominators         742   985  1224  1465  1701  1942  2188  2430  2670  2914  3156  3394  3630  3868  4115  4349  4585  4823  5064  5303  5543  5783  6029  6266  6501  6742  6980  7213  7446  7688
  Lagos Surf Queens              928   788  1121  1579  1507  2210  2223  2764  2809  3286  3711  3624  3540  3454  3888  4429  4574  4584  5140  5525  6036  5952  6354  6279  6202  6676  7221  7191  7160  7617
  Tonga Polynesian Power         728   957  1182  1417  1651  1885  2120  2351  2584  2816  3049  3283  3515  4205  4795  4934  5077  5219  5818  5956  6096  6232  6371  6513  6654  6789  6927  7068  7205  7341
  Durban Indian Ocean Tides      530  1082  1074  1063  1399  1337  1280  1223  1715  1709  1702  2074  2586  2603  3128  3122  3806  3930  4747  5275  5413  5999  6523  6954  6895  6836  6778  7223  7191  7157
  Paris Sables Royales           963   888   817   746  1325  1323  1802  2539  2609  3111  3615  3643  4103  4049  3997  3946  4419  4426  4435  4887  5241  5166  5674  5703  6208  6184  6158  6135  6575  6869
  Bondi Beach Legends            903  1546  1874  1901  2415  2347  2759  2610  2953  3374  3868  3976  4282  4869  5108  5245  5720  6115  6570  7008  6994  6979  6964  6949  6934  6917  6904  6891  6874  6859
  Accra Goldcoast Waves          715  1342  2011  2703  2872  3033  3198  3357  3520  3685  3851  4014  4173  4779  4904  5028  5148  5271  5394  5516  5642  5767  5889  6012  6137  6260  6384  6500  6616  6736
  San Juan Caribbean Pearls      696   893  1090  1291  1485  1678  1873  2069  2266  2470  2669  2867  3066  3261  3461  3660  3863  4066  4269  4472  4675  4876  5080  5282  5483  5685  5885  6082  6281  6483
  Stockholm Northern Lights      691   883  1076  1264  1456  1651  1852  2049  2246  2439  2631  2822  3016  3210  3409  3603  3797  3990  4183  4373  4567  4766  4968  5160  5352  5547  5744  5938  6130  6323
  Tokyo Surf Samurai            1223  1261  1724  1661  1600  2108  2568  2578  3217  3494  3530  3572  3615  3659  3703  4104  3962  4433  4340  4881  4904  5559  5637  5523  5412  5298  5185  5744  5723  6252
  Buenos Aires Pampas Storm     1074  1230  1249  1265  1281  1300  1827  1886  1945  2002  2059  2114  2620  3113  3660  4388  4480  4847  4744  4640  4526  4417  4756  5133  5067  5740  5791  5840  5888  5936
  Lima Pacific Soarers           479   454   433  1008  1146  1668  1703  2144  2624  2651  2680  3091  3509  3474  3876  4256  4654  5042  5086  5129  5172  5214  5258  5297  5340  5377  5416  5455  5496  5919
  Fiji Island Breakers           594   688   778  1245  1764  1762  1764  2202  2208  2653  2653  2655  2655  2657  2659  2655  3165  3182  3199  3647  3651  3657  3661  3663  4191  4643  5132  5700  5788  5875
  Amsterdam Dune Riders          588   681   770   860   948  1040  1131  1220  1723  1723  1719  1713  1705  1701  2215  2897  3410  3958  4064  4635  4664  4691  5184  5193  5201  5209  5218  5729  5768  5805
  Cairo Desert Eagles           1048  1007  1444  1376  1310  1245  1752  1905  2212  2695  3213  3291  3737  3642  3545  3446  3345  500*   985  1413  1871  2534  2658  3133  3481  3966  4465  4850  5263  5709
  Honolulu Hula Warriors         556   612  1112  1114  1116  1499  1479  1457  1439  1421  1885  1847  1811  1775  1727  1683  1641  2105  2076  2536  2940  3321  3763  3796  3826  4449  4645  4690  5193  5660
  Myrtle Beach Sunblazers        639   776   912  1050  1185  1320  1964  2124  2282  2441  2595  2756  2920  3084  3250  3408  3567  3725  3884  4043  4203  4362  4520  4675  4823  4980  5135  5292  5447  5608
  Warsaw Vistula Waves           673   846  1353  1443  1537  1628  1721  1814  1907  1999  2091  2177  2266  2354  2442  2530  2617  2707  2798  2886  3472  4084  4195  4304  4417  4529  4638  4750  4861  5469
  Caracas Caribbean Coast        661   822   986  1143  1303  1464  1632  1797  1956  2115  2274  2433  2591  2751  2913  3077  3235  3395  3555  3717  3882  4047  4214  4377  4542  4710  4876  5041  5206  5371
  Bangkok Palm Beach Stars       555   609   656   701   752   808  1247  1230  1210  1188  1168  1753  1800  1843  1891  1936  2400  2401  2895  2928  2960  2992  3024  3055  3089  3598  4128  4182  5017  5160
  Santiago Atacama Aces          537   571   607   641  1408  1544  1688  1823  1958  2426  2823  2804  2784  3223  3246  3270  3291  3311  3333  3359  3383  3409  3434  3454  3972  4056  4533  5011  5061  5112
  Nairobi Savannah Stars        1054  1551  1571  1975  2007  2040  2073  2108  2137  2164  2195  2226  2768  3333  3381  3985  4480  4514  4548  4581  4611  4643  4680  4717  4753  4788  4825  4858  4895  4931
  Auckland Pacific Diamonds      497   491   484   922   847  1316  1329  1229  1130  1029   929  500*   495   483   472   977  1504  1519  1532  1543  2023  2083  2629  3140  3672  3770  3867  3963  4062  4613
  Athens Aegean Stars            632  1263  1334  1893  1974  2564  2927  2966  3005  3047  3085  3117  3149  3188  3228  3266  3303  3337  3376  3414  3457  3499  3540  4069  4104  4144  4185  4226  4264  4297
  Dar es Salaam Swahili Stars    618   734   850   960  1070  1183  1298  1413  1529  1640  1751  1867  1987  2101  2217  2336  2454  2573  2693  2810  2924  3037  3153  3265  3379  3492  3609  3726  3844  3960
  Samoa Southern Swells          982  1516  1587  1666  2215  2278  2342  2405  2471  2537  2602  2670  2734  2795  2856  2918  2987  3054  3121  3188  3251  3312  3377  3441  3507  3572  3635  3702  3768  3834
  La Paz Andean Queens           605   710   815   921  1024  1126  1233  1338  1443  1552  1655  1757  1861  1965  2072  2177  2275  2378  2481  2583  2685  2793  2896  2998  3099  3204  3308  3410  3511  3612
  Montevideo Río Elites          595   690   784   883   979  1075  1178  1274  1368  1459  1558  1657  1756  1854  1952  2050  2148  2245  2343  2442  2904  2924  2949  2975  3002  3030  3054  3074  3510  3545
  Taipei Formosa Spikers         598   695   794   888   985  1081  1182  1279  1377  1471  1562  1656  1750  1846  1944  2038  2131  2225  2326  2426  2521  2616  2715  2813  2910  3002  3096  3192  3288  3384
  Nassau Island Blazers          589   677   768   858   951  1045  1138  1226  1312  1403  1495  1583  1671  1762  1857  1950  2044  2133  2222  2313  2407  2502  2599  2693  2781  2870  2961  3055  3150  3241
  Dublin Emerald Spikers         586   670   755   841   927  1013  1103  1190  1280  1369  1457  1547  1633  1718  1802  1885  1966  2050  2133  2215  2297  2378  2464  2555  2636  2717  2802  2886  2971  3058
  Wellington Southern Cross      586   670   751   829   906   987  1071  1152  1234  1315  1406  1496  1586  1675  1754  1835  1921  2008  2091  2180  2265  2352  2440  2528  2615  2700  2786  2873  2959  3045
  Tunis Mediterranean Aces       584   669   753   836   919  1004  1089  1175  1262  1349  1436  1523  1611  1693  1777  1862  1945  2031  2117  2201  2278  2355  2441  2527  2611  2695  2778  2862  2944  3027
  Ho Chi Minh City Delta Star    586   674   760   847   930  1015  1102  1189  1277  1362  1446  1530  1611  1685  1761  1840  1924  2009  2092  2172  2252  2338  2424  2509  2596  2681  2766  2851  2936  3021
  Lisbon Atlantic Blaze          574   652   726   801   876   947  1016  1084  1156  1229  1304  1379  1457  1533  1609  1686  1758  1833  1905  1978  2050  2119  2190  2263  2335  2409  2483  2558  2627  2701
  Kingston Reggae Spikers        568   632   699   766   830   893   957  1026  1094  1155  1219  1285  1352  1417  1484  1552  1617  1684  1748  1811  1878  1943  2009  2071  2134  2192  2258  2323  2389  2452
  Bogotá Altitude Queens         534   965  1370  1320  1272  1224  1623  1579  1531  1963  2370  2317  2264  2214  2164  500*   532   994  1338  1722  2178  2502  2458  2415  2378  2341  2300  2259  2219  2177
  Vancouver Pacific Orcas       1021  1022  1022  1024  1023  1494  1502  1959  1961  1967  1973  1976  1977  1978  1976  1980  1985  1988  1988  1990  1993  2000  2002  2005  2008  2010  2017  2020  2022  2022
  Port Moresby Coral Aces        534   567   593   619   652   684   713   747   778   812   845   879   913   946   981  1018  1054  1087  1123  1154  1185  1216  1245  1275  1301  1335  1368  1405  1438  1467
  Honolulu Aloha Warriors        532   565   596   625   657   686  1120  1089  1057  1028   998  1426  1360  1296  1230  1658  1592  1529  1940  1879  1817  1755  1689  500*   530   560  1112  1195  1284  1375
  Georgetown Guyana Waves        467   433   401   369  500*   463   426   393   361  500*   469   436   403   371  500*   468   436   404   369  500*   471   439   401   366  500*   469   437   404   370  500*

4. MONEY MEANS SOMETHING FOR THEM TOO
  PASS  a run separates the clubs that made money from the ones that lost it  richest $11,404,110, poorest $500,000
