  EVERY CLUB'S BALANCE, PER SEASON, IN THOUSANDS ($k) — * = sold that season
  club                             1     2     3     4     5     6     7     8     9    10    11    12    13    14    15    16    17    18    19    20    21    22    23    24    25    26    27    28    29    30
  Kuala Lumpur Monsoon FC        749  1002  1256  1510  1760  2011  2274  2531  2784  3037  3291  3540  3790  4043  4301  4553  4808  5065  5324  5581  5835  6091  6350  6602  6857  7113  7362  7615  7870  8125
  Riyadh Dune Dominators         741   983  1224  1460  1696  1932  2175  2414  2654  2893  3130  3364  3604  3844  4089  4327  4566  4799  5037  5275  5516  5755  5992  6229  6466  6701  6942  7185  7426  7665
  Tonga Polynesian Power         729   960  1188  1416  1644  1872  2108  2340  2570  2801  3031  3264  3500  3733  3969  4200  4431  4661  4896  5126  5353  5579  5814  6045  6277  6511  6739  6969  7202  7435
  Accra Goldcoast Waves          718   937  1157  1377  1595  1815  2039  2258  2478  2697  2917  3135  3351  3570  3795  4010  4224  4437  4652  4870  5089  5307  5529  5750  5971  6188  6402  6620  6833  7046
  Vanuatu Coral Crushers         704   907  1108  1312  1510  1711  1918  2123  2325  2526  2727  2931  3132  3334  3539  3742  3948  4156  4359  4560  4758  4957  5162  5364  5563  5761  5962  6167  6367  6563
  San Juan Caribbean Pearls      702   903  1102  1303  1507  1709  1916  2119  2321  2516  2717  2923  3123  3325  3531  3730  3926  4123  4320  4521  4721  4915  5122  5321  5520  5722  5923  6125  6329  6531
  Stockholm Northern Lights      693   888  1083  1279  1474  1669  1871  2068  2258  2448  2639  2829  3026  3224  3422  3615  3809  3999  4192  4384  4578  4774  4973  5168  5357  5549  5744  5936  6130  6322
  Caracas Caribbean Coast        662   823   984  1149  1313  1475  1641  1804  1966  2130  2296  2461  2623  2789  2956  3115  3274  3436  3601  3767  3929  4090  4255  4421  4584  4746  4905  5065  5226  5388
  LA Beach Legends               752   975  1031  1087  1328  1517  1546  1687  1743  1884  2089  2252  2289  2322  2393  2520  2616  2709  2847  3139  3435  3706  4117  4295  4386  4777  4954  5196  5227  5305
  Casablanca Atlantic Spikers    656   812   968  1126  1285  1443  1602  1757  1917  2072  2228  2386  2545  2704  2868  3033  3191  3349  3509  3669  3829  3989  4152  4309  4469  4630  4792  4950  5110  5269
  Amsterdam Dune Riders          588   677   766   879   907   933  1031  1030  1317  1661  1835  2009  2183  2357  2533  2708  2876  3043  3214  3386  3559  3733  3905  4078  4253  4429  4601  4768  4936  5112
  Rio Copacabana Queens          543   783   923  1170  1446  1641  1793  1834  1902  2018  2174  2275  2572  2766  3113  3166  3319  3576  3609  3643  3695  3735  3758  3784  4092  4366  4409  4507  4554  4856
  Manila Bay Pearls              699   902  1105  1305  1499  1697  1901  2061  2169  2270  2373  2476  2607  2713  2820  2926  3034  3139  3241  3346  3451  3598  3729  3858  3987  4110  4235  4362  4488  4615
  Miami Shoreline Queens         507   599   881   939  1022  1061  1356  1746  1771  1796  2030  2220  2338  2542  2661  2635  2631  2623  2718  2745  2774  3085  3297  3633  3673  3757  3838  3899  4136  4518
  Warsaw Vistula Waves           675   851  1027  1199  1370  1541  1719  1896  2069  2238  2410  2580  2754  2921  3015  3104  3197  3290  3382  3472  3563  3651  3742  3830  3921  4036  4130  4251  4342  4433
  Dar es Salaam Swahili Stars    614   722   831   943  1062  1179  1299  1413  1529  1644  1759  1876  1990  2104  2222  2336  2448  2560  2678  2797  2916  3029  3146  3263  3379  3493  3609  3723  3836  3950
  Berlin Sand Queens             416   330   279   211   413   790   796   805   812   815   866   966  1062  1256  1432  1770  2204  2221  2463  2912  3111  3233  3228  3411  3421  3683  3875  3891  3902  3907
  Tokyo Surf Samurai             435   364   359   342   406   514   507   793   892   866   866  1222  1510  1700  1710  1973  2130  2189  2398  2592  2727  2842  2832  2880  2909  2939  3153  3347  3692  3891
  La Paz Andean Queens           605   710   810   911  1013  1117  1221  1326  1433  1539  1645  1749  1854  1959  2066  2176  2285  2389  2497  2599  2704  2810  2918  3023  3131  3239  3344  3449  3551  3656
  Taipei Formosa Spikers         594   690   784   877   971  1066  1164  1258  1354  1452  1551  1647  1740  1832  1929  2026  2122  2219  2315  2412  2508  2604  2702  2795  2893  2991  3087  3182  3278  3375
  Samoa Southern Swells          640   780   994  1191  1277  1325  1373  1420  1504  1550  1590  1630  1718  1802  1903  2018  2202  2339  2478  2613  2689  2764  2862  2907  2953  3060  3124  3191  3254  3329
  Havana Salsa Spikers           487   479   460   464   927  1023  1120  1213  1306  1397  1488  1584  1678  1776  1875  1967  2064  2156  2246  2341  2437  2530  2626  2722  2820  2916  3011  3102  3190  3273
  Barcelona Playa Elites         412   307   524   942  1116  1221  1231  1289  1416  1431  1507  1660  1652  1644  1641  1755  1966  2081  2097  2163  2442  2891  3041  3001  3052  3073  3153  3168  3199  3273
  Nassau Island Blazers          591   685   776   866   958  1049  1142  1237  1333  1429  1521  1609  1697  1787  1880  1975  2066  2152  2246  2339  2431  2524  2616  2709  2797  2888  2980  3071  3159  3245
  Seoul Han River Queens         522   754   835   935  1052  1060  1066  1076  1087  1101  1110  1117  1200  1357  1609  1863  1939  2087  2223  2307  2501  2593  2688  2731  2980  3179  3221  3220  3226  3203
  Myrtle Beach Sunblazers        633   766   870   973  1059  1143  1232  1311  1394  1475  1558  1644  1730  1814  1901  1989  2075  2162  2244  2330  2413  2498  2587  2674  2761  2846  2936  3022  3108  3193
  Dublin Emerald Spikers         589   678   763   846   933  1019  1104  1190  1277  1360  1446  1532  1613  1696  1784  1870  1952  2037  2121  2204  2288  2373  2459  2545  2634  2720  2806  2890  2972  3058
  Wellington Southern Cross      582   662   743   826   908   984  1064  1143  1225  1310  1398  1485  1573  1660  1750  1833  1914  1995  2078  2163  2248  2334  2422  2506  2589  2677  2767  2855  2942  3028
  Tunis Mediterranean Aces       580   667   755   843   929  1011  1094  1175  1262  1347  1429  1509  1590  1669  1750  1831  1915  2000  2085  2169  2255  2343  2433  2516  2598  2684  2772  2849  2929  3012
  Ho Chi Minh City Delta Star    585   670   755   837   920  1002  1086  1169  1249  1333  1413  1493  1576  1664  1750  1836  1923  2003  2089  2174  2257  2344  2428  2510  2597  2679  2758  2838  2921  3009
  Shanghai Yangtze Elites        535   672  1004  1067  1001   918   958   991  1057  1002   965   924   847  500*   530   608   677   955  1161  1357  1596  1740  2043  2288  2476  2583  2825  2965  2983  2989
  Nairobi Savannah Stars         632   776   825   876   909   980  1090  1234  1312  1400  1477  1500  1563  1586  1643  1681  1716  1851  1951  2049  2147  2245  2340  2435  2596  2701  2778  2803  2829  2939
  Lisbon Atlantic Blaze          575   650   724   801   878   954  1030  1105  1173  1243  1317  1392  1467  1541  1616  1690  1757  1824  1893  1969  2047  2123  2197  2272  2344  2416  2488  2564  2641  2718
  São Paulo Beach Warriors       455   406   377   485   520   597   732   792   785  1018  1453  1619  1650  1916  1974  2112  2162  2153  2295  2270  2263  2309  2346  2383  2423  2442  2597  2586  2637  2623
  Buenos Aires Pampas Storm      524   517   514   513   514   514   504   453   351   271   178  500*   510   572   763   906  1037  1087  1100  1180  1354  1442  1566  1709  1845  2054  2197  2286  2414  2531
  Mumbai Coastal Warriors        617   733   853   923   945   967   991  1016  1042  1066  1092  1160  1225  1290  1390  1433  1476  1519  1561  1604  1644  1687  1746  1812  1861  1915  1981  2322  2406  2493
  Dubai Sand Aces                754  1029  1121  1215  1252  1246  1455  1532  1646  1720  1798  1875  1952  2035  2072  2081  2063  2045  2116  2143  2174  2227  2250  2345  2375  2434  2448  2461  2475  2490
  Kingston Reggae Spikers        568   638   704   769   834   899   962  1025  1091  1156  1222  1285  1347  1408  1471  1538  1603  1667  1726  1790  1852  1912  1974  2036  2101  2166  2232  2299  2361  2423
  Athens Aegean Stars            666   776   882   991  1099  1159  1219  1274  1332  1411  1462  1513  1564  1609  1659  1708  1757  1801  1844  1887  1932  1977  2024  2072  2120  2168  2219  2265  2313  2361
  Gold Coast Thunderbirds        456   421   317   222  500*   624   718   760   725   802   942  1136  1420  1526  1485  1602  1822  2043  2220  2289  2287  2296  2331  2246  2248  2199  2118  2080  2120  2284
  Lima Pacific Soarers           482   459   440   417   484   522   615   688   835   912  1011  1100  1161  1218  1280  1342  1400  1464  1539  1602  1535  1469  1470  1622  1684  1745  1811  1909  2091  2256
  Bali Island Legends            639   739   787   836   880   923   982  1024  1065  1145  1188  1231  1273  1318  1369  1415  1461  1503  1546  1590  1635  1680  1726  1769  1810  1856  1904  1947  1994  2042
  Bondi Beach Legends            429   393   412   500   522   539   527   517   501   530   539   577   546   638   722   695   649   673   837   857   978  1226  1520  1699  1821  1848  1931  1947  1963  1975
  Fiji Island Breakers           594   687   781   874   965  1028  1065  1127  1192  1193  1197  1200  1198  1247  1322  1398  1516  1555  1591  1636  1630  1633  1636  1680  1704  1705  1707  1781  1877  1900
  Durban Indian Ocean Tides      531   562   573   574   553   532   514   497  500*   579   642   644   643   704   691   868   940   957  1156  1343  1347  1351  1348  1367  1419  1428  1518  1687  1766  1768
  Montevideo Río Elites          597   691   784   892   936  1012  1089  1158  1179  1202  1229  1258  1283  1305  1327  1348  1368  1390  1410  1435  1458  1483  1507  1529  1553  1578  1602  1630  1654  1676
  Honolulu Aloha Warriors        533   544   485   427   368   298  500*   595   816  1077  1144  1111  1163  1155  1194  1282  1333  1321  1302  1373  1420  1429  1454  1455  1460  1465  1466  1512  1537  1649
  Vancouver Pacific Orcas        570   571   573   574   573   622   656   678   739   744   745   748   752   811   854   894   936   987  1012  1033  1052  1068  1089  1112  1212  1296  1383  1471  1554  1588
  Bogotá Altitude Queens         526   574   587   594   604   607   564   521   491   441  500*   534   537   483   483   484   496   534   523   585   598   611   662   811   944  1080  1216  1328  1446  1564
  Port Moresby Coral Aces        532   566   602   638   675   709   742   772   798   829   864   897   931   962   991  1022  1056  1089  1121  1151  1181  1210  1240  1269  1297  1327  1360  1393  1424  1455
  Lagos Surf Queens              543   575   554   633   607   667   755   770   806   827   729   645   572   561   656   707   759   718   775   805   759   684   619   570  500*   587   803  1076  1405  1433
  Honolulu Hula Warriors         657   806   825   843   865   886   907   924   946   969   988  1006  1026  1044  1070  1094  1115  1135  1158  1184  1210  1232  1249  1269  1292  1313  1336  1358  1381  1406
  Paris Sables Royales           518   651   682   711   736   757   735   694   643   592  500*   773   858  1020  1103  1025  1036  1151  1114  1107  1350  1524  1466  1381  1311  1272  1337  1234  1196  1328
  Rome Beach Gladiators          521   548   501   435   369   322   322   483   514   495   485   486   498   438   423   360   300   545   734   738   734   730   709   819  1050  1095  1139  1182  1225  1273
  Bangkok Palm Beach Stars       591   648   667   640   615   610   582   553   556   554   547   508   471   426   384  500*   558   612   663   710   762   818   874   930   987  1046  1101  1151  1204  1258
  Santiago Atacama Aces          536   573   583   550   520   494   467  500*   532   566   599   636   672   708   738   772   805   839   871   905   939   975  1009  1043  1078  1115  1151  1183  1219  1253
  Cancún Coral Storm             484   464   442   543   569   635   667   654   657   713   683   744   816   803   792   770   707   644   576  500*   539   500   458   417   374  500*   511   639   743   760
  Auckland Pacific Diamonds      469   371   325   256  500*   491   494   455   398   380   310  500*   495   489   477   468   459   447   442   439   452   448   496   597   649   724   712   673   700   647
  Georgetown Guyana Waves        464   428   392   359  500*   464   426   390   356  500*   468   436   404   372  500*   463   424   383   342  500*   465   431   395   359  500*   468   436   403   369  500*
  Cairo Desert Eagles            483   464   510   553   565   508   398   335   281  500*   482   422   330   239  500*   486   433   356   276  500*   577   558   540   524   507  500*   480   496   464   493

4. MONEY MEANS SOMETHING FOR THEM TOO
  PASS  a run separates the clubs that made money from the ones that lost it  richest $8,124,598, poorest $492,753
