  EVERY CLUB'S BALANCE, PER SEASON, IN THOUSANDS ($k) — * = sold that season
  club                             1     2     3     4     5     6     7     8     9    10    11    12    13    14    15    16    17    18    19    20    21    22    23    24    25    26    27    28    29    30
  Kuala Lumpur Monsoon FC       1269  2042  2819  3596  4373  5145  5932  6705  7480  8253  9029  9804 10577 11350 12137 12909 13682 14457 15232 16004 16776 17548 18331 19107 19886 20666 21442 22216 22991 23766
  Riyadh Dune Dominators        1261  2022  2783  3546  4306  5065  5839  6600  7362  8122  8881  9640 10400 11163 11938 12697 13457 14217 14977 15735 16494 17243 18007 18761 19516 20275 21036 21794 22551 23303
  Tonga Polynesian Power        1245  1997  2746  3495  4247  4994  5753  6500  7253  8009  8756  9506 10255 11005 11774 12527 13285 14041 14797 15547 16297 17048 17818 18573 19328 20083 20833 21584 22334 23081
  LA Beach Legends              1254  1952  2559  3196  4108  4687  5274  5846  6563  7461  8281  9063 10022 10732 11646 12295 13111 13982 14558 15215 15768 16326 17076 17833 18601 19356 19913 20692 21515 22263
  San Juan Caribbean Pearls     1223  1946  2669  3391  4110  4831  5569  6291  7011  7733  8455  9181  9905 10623 11356 12075 12794 13512 14228 14948 15666 16389 17128 17852 18576 19300 20026 20749 21468 22180
  Rio Copacabana Queens          959  1433  2022  2794  3597  4150  4939  5515  6361  7070  7772  8527  9477 10438 11155 11731 12306 13082 13654 14472 15208 15926 16853 17535 18376 19400 19977 20554 21396 21972
  Stockholm Northern Lights     1210  1920  2630  3344  4060  4775  5504  6214  6927  7640  8353  9069  9785 10501 11230 11946 12659 13371 14085 14793 15500 16213 16941 17659 18374 19089 19802 20514 21229 21943
  Vanuatu Coral Crushers        1216  1934  2657  3379  4104  4819  5557  6282  7000  7723  8444  9168  9886 10584 11280 11963 12646 13325 14001 14677 15356 16036 16729 17412 18098 18798 19440 20081 20739 21367
  Accra Goldcoast Waves         1231  1970  2710  3440  4179  4917  5668  6406  7140  7837  8475  9120  9768 10454 11132 11788 12443 13099 13750 14403 15058 15717 16381 17030 17700 18390 19042 19698 20341 20989
  Caracas Caribbean Coast       1181  1861  2546  3229  3914  4591  5285  5964  6646  7323  8003  8680  9360 10041 10736 11416 12091 12767 13444 14117 14792 15470 16156 16831 17510 18188 18870 19555 20240 20923
  Warsaw Vistula Waves          1192  1886  2579  3272  3965  4656  5357  6044  6733  7441  8128  8816  9510 10213 10879 11523 12170 12819 13467 14115 14761 15400 16060 16729 17399 18074 18748 19423 20098 20775
  Manila Bay Pearls             1224  1947  2670  3393  4111  4830  5563  6287  6980  7611  8246  8889  9512 10289 11082 11753 12421 13087 13749 14378 15007 15635 16278 16909 17572 18218 18895 19514 20140 20771
  Buenos Aires Pampas Storm      979  1458  1937  2412  3137  3795  4394  5095  5701  6530  7312  7980  8562  9176  9770 10349 10932 11514 12254 12986 13523 14178 15006 15812 16593 17271 17785 18369 19056 19752
  Samoa Southern Swells         1156  1815  2474  3121  3694  4265  4847  5422  6069  6698  7322  7927  8540  9232 10032 10718 11408 12095 12787 13479 14138 14736 15345 15941 16563 17187 17810 18467 19072 19680
  Dar es Salaam Swahili Stars   1138  1778  2416  3051  3686  4324  4971  5609  6246  6884  7520  8158  8795  9429 10077 10714 11347 11984 12617 13248 13885 14518 15165 15800 16435 17067 17705 18345 18984 19617
  Mumbai Coastal Warriors       1133  1768  2404  3041  3676  4400  5062  5713  6360  7004  7647  8296  8942  9587 10242 10888 11561 12166 12769 13377 13983 14598 15171 15759 16323 16886 17448 18124 18923 19614
  La Paz Andean Queens          1126  1751  2372  2996  3621  4243  4879  5502  6124  6749  7374  7999  8624  9251  9888 10512 11135 11759 12380 13001 13620 14240 14872 15492 16109 16729 17351 17974 18593 19212
  Casablanca Atlantic Spikers   1179  1857  2536  3219  3865  4502  5107  5697  6313  6904  7525  8120  8700  9286  9919 10526 11115 11704 12358 13025 13688 14317 14934 15535 16143 16749 17358 17967 18578 19188
  Berlin Sand Queens             976  1847  2388  2930  3456  4050  4714  5262  5881  6331  6757  7164  7941  8611  9264 10057 10570 11182 11994 12504 13126 13622 14254 15065 15766 16291 16888 17849 18376 19184
  Miami Shoreline Queens        1139  1702  2266  2829  3472  4085  4567  5245  5809  6377  7148  7715  8325  8891  9648 10543 11121 11696 12275 12853 13481 14387 15112 15729 16316 16926 17447 17968 18527 19103
  Athens Aegean Stars           1155  1806  2460  3111  3761  4392  4974  5545  6118  6686  7282  7859  8424  9066  9751 10427 11080 11665 12251 12840 13446 14043 14611 15167 15726 16366 17121 17773 18427 19081
  Taipei Formosa Spikers        1110  1718  2332  2947  3562  4177  4802  5416  6033  6650  7271  7889  8505  9122  9747 10357 10970 11584 12195 12810 13426 14043 14671 15288 15905 16518 17132 17748 18366 18980
  Nassau Island Blazers         1112  1724  2335  2945  3553  4165  4788  5400  6014  6628  7236  7848  8460  9073  9699 10315 10930 11546 12161 12775 13390 14005 14633 15247 15860 16472 17089 17705 18321 18937
  Cancún Coral Storm            1005  1533  2014  2491  2971  3448  3979  4817  5551  6199  6713  7335  7929  8522  9130  9725 10414 11382 12058 12588 13334 13932 14542 15141 15732 16326 16957 17563 18169 18778
  Dublin Emerald Spikers        1104  1707  2308  2913  3513  4123  4740  5347  5955  6562  7170  7777  8386  8994  9612 10217 10819 11421 12023 12626 13229 13838 14455 15058 15665 16272 16881 17487 18091 18694
  Wellington Southern Cross     1101  1706  2308  2909  3508  4109  4724  5333  5942  6549  7155  7756  8357  8961  9582 10188 10795 11403 12010 12617 13225 13823 14438 15042 15643 16245 16854 17462 18068 18673
  Tunis Mediterranean Aces      1106  1713  2316  2917  3520  4122  4736  5337  5942  6548  7155  7755  8360  8965  9581 10184 10789 11396 12002 12610 13213 13814 14427 15031 15636 16236 16833 17432 18034 18640
  Ho Chi Minh City Delta Star   1105  1707  2312  2915  3521  4122  4735  5336  5936  6536  7131  7735  8337  8936  9553 10158 10765 11368 11971 12578 13182 13787 14404 15009 15612 16210 16810 17413 18018 18623
  Rome Beach Gladiators          990  1485  2102  2578  3053  3530  4111  4671  5232  5795  6354  6913  7473  8034  8605  9167  9728 10290 11139 12154 12800 13699 14355 14996 15639 16280 16922 17555 18150 18619
  Myrtle Beach Sunblazers       1159  1821  2481  3114  3727  4315  4908  5530  6127  6723  7321  7919  8573  9195  9763 10319 10928 11513 12091 12673 13252 13884 14490 15088 15688 16256 16823 17384 17972 18533
  São Paulo Beach Warriors      1099  1821  2681  3423  3961  4496  5042  5650  6351  6921  7532  8101  8671  9241  9857 10609 11151 11696 12304 12920 13602 14137 14739 15266 15791 16312 16899 17406 17913 18532
  Honolulu Hula Warriors        1072  1645  2220  2794  3367  4052  4699  5336  5974  6608  7247  7958  8638  9316 10008 10729 11350 11905 12521 13072 13623 14169 14658 15134 15616 16201 16893 17437 17982 18529
  Lima Pacific Soarers          1056  1595  2134  2674  3267  3884  4516  5098  5679  6257  6832  7402  7879  8661  9276  9875 10512 11248 11884 12373 12952 13521 14097 14665 15236 15811 16413 17114 17681 18460
  Lisbon Atlantic Blaze         1095  1690  2285  2877  3470  4060  4665  5258  5855  6447  7037  7627  8216  8805  9406 10005 10601 11196 11785 12378 12969 13563 14165 14761 15350 15943 16537 17132 17729 18323
  Havana Salsa Spikers          1103  1947  2705  3305  3908  4509  5121  5725  6331  6931  7544  8100  8536  8969  9447  9989 10462 10974 11445 11977 12474 12995 13499 13997 14493 15105 16104 16962 17549 18149
  Amsterdam Dune Riders         1110  1719  2335  2959  3588  4175  4731  5318  5957  6557  7154  7753  8352  8950  9584 10138 10780 11428 11966 12506 13047 13580 14127 14714 15290 15853 16369 16938 17515 18139
  Bali Island Legends           1123  1727  2324  2921  3522  4118  4734  5324  5896  6470  7042  7618  8194  8788  9392  9994 10558 11119 11682 12243 12805 13372 13952 14566 15155 15744 16334 16929 17528 18113
  Kingston Reggae Spikers       1086  1669  2254  2840  3423  4004  4599  5186  5772  6352  6935  7516  8100  8682  9270  9850 10431 11013 11601 12184 12764 13340 13928 14511 15098 15684 16271 16856 17437 18018
  Lagos Surf Queens             1061  1601  2278  2916  3581  4417  5132  5727  6208  6703  7225  7729  8309  8992  9572 10120 10633 11124 11594 12098 12661 13240 13878 14375 14935 15517 16085 16654 17304 18013
  Vancouver Pacific Orcas       1117  1735  2352  2966  3580  4182  4770  5342  5929  6450  6974  7501  8023  8606  9202  9783 10367 10949 11527 12110 12692 13275 13864 14446 15026 15606 16192 16819 17402 17986
  Shanghai Yangtze Elites        966  1504  2155  2622  3060  3564  4232  4800  5239  5700  6180  6721  7415  7967  8528  9388  9980 10581 11243 11982 12586 13072 13567 14029 14828 15421 16032 16683 17225 17821
  Barcelona Playa Elites        1054  1635  2168  2759  3388  3929  4735  5288  5842  6395  6957  7556  8069  8585  9159  9708 10267 10980 11492 12033 12703 13251 13826 14411 14844 15369 16079 16610 17160 17814
  Nairobi Savannah Stars        1136  1772  2409  3022  3576  4126  4688  5238  5790  6342  6896  7450  8005  8559  9121  9703 10241 10781 11327 11876 12422 12968 13520 14110 14714 15318 15921 16527 17134 17740
  Gold Coast Thunderbirds        978  1463  1915  2385  2873  3349  3808  4264  4712  5238  6027  6568  7106  7647  8271  8925  9610 10338 10908 11477 12045 12703 13316 13858 14594 15166 15744 16408 17137 17717
  Montevideo Río Elites         1117  1731  2341  2958  3574  4193  4824  5445  6062  6697  7273  7852  8429  8961  9500 10032 10563 11098 11630 12165 12697 13231 13773 14301 14834 15367 15900 16507 17161 17681
  Seoul Han River Queens        1022  1471  1964  2768  3317  3865  4423  5020  5582  6174  6929  7507  8108  8669  9244  9806 10614 11405 11999 12591 13161 13633 14117 14541 14964 15386 15841 16313 16782 17355
  Fiji Island Breakers          1125  1707  2428  3012  3600  4188  4764  5329  5873  6422  6965  7487  8009  8529  9093  9614 10138 10662 11240 11806 12336 12864 13447 13976 14542 15095 15645 16197 16752 17303
  Bondi Beach Legends           1018  1640  2433  2979  3579  4190  4718  5144  5513  5927  6296  6667  7114  7724  8270  8805  9340  9775 10280 10889 11673 12347 12863 13666 14205 14745 15482 16038 16606 17168
  Santiago Atacama Aces         1054  1603  2153  2703  3256  3857  4447  5024  5601  6172  6746  7319  7904  8416  8937  9523 10194 10730 11264 11796 12327 12858 13400 13995 14524 15064 15590 16115 16638 17165
  Port Moresby Coral Aces       1052  1605  2155  2708  3263  3818  4384  4938  5489  6042  6596  7151  7705  8256  8823  9375  9927 10475 11027 11583 12136 12690 13254 13805 14356 14907 15462 16013 16564 17110
  Dubai Sand Aces               1094  1650  2168  2694  3228  3749  4269  4781  5325  5912  6549  7098  7648  8201  8749  9263  9818 10361 10923 11468 12088 12615 13194 13737 14281 14824 15367 15908 16452 16998
  Bangkok Palm Beach Stars      1077  1651  2210  2719  3202  3679  4207  4719  5232  5746  6317  6898  7502  8044  8596  9136  9691 10214 10737 11286 11819 12350 12875 13388 13967 14671 15247 15793 16358 16908
  Honolulu Aloha Warriors       1049  1601  2117  2853  3435  4087  4763  5334  5902  6436  6899  7364  7833  8301  8772  9235  9701 10168 10673 11338 12049 12579 13097 13640 14137 14634 15142 15638 16136 16649
  Bogotá Altitude Queens        1050  1666  2179  2733  3263  3790  4328  4877  5419  5965  6509  7053  7594  8130  8660  9138  9654 10110 10570 11029 11491 12018 12547 13070 13626 14086 14598 15059 15517 15969
  Durban Indian Ocean Tides     1034  1530  2022  2564  3028  3491  4007  4483  4981  5461  5940  6494  7044  7641  8123  8593  9065  9613 10083 10554 11021 11487 11961 12465 12925 13431 13930 14430 14959 15541
  Tokyo Surf Samurai             959  1452  1890  2326  2807  3287  3684  4072  4483  5017  5640  6178  6619  7061  7641  8168  8698  9206  9665 10193 10629 11083 11575 12020 12466 13164 13690 14220 14768 15280
  Cairo Desert Eagles           1007  1438  1893  2310  2749  3176  3613  4136  4586  5036  5487  5939  6400  6844  7295  7734  8293  8894  9338  9810 10311 10800 11313 11954 12556 13040 13552 13963 14586 15275
  Paris Sables Royales           990  1480  1969  2460  2956  3359  3768  4193  4709  5373  5893  6408  6883  7294  7713  8195  8652  9105  9672 10287 10788 11285 11792 12289 12779 13274 13772 14270 14761 15214
  Auckland Pacific Diamonds      980  1401  1865  2360  2838  3257  3748  4216  4744  5234  5725  6356  6928  7373  7823  8297  8739  9195  9614 10086 10557 10996 11489 11967 12454 12926 13442 14085 14591 15093
  Georgetown Guyana Waves        987  1473  1963  2446  2927  3406  3902  4389  4877  5360  5842  6321  6801  7282  7774  8255  8740  9223  9711 10193 10680 11166 11661 12144 12630 13117 13605 14092 14578 15064

