  EVERY CLUB'S BALANCE, PER SEASON, IN THOUSANDS ($k) — * = sold that season
  club                             1     2     3     4     5     6     7     8     9    10    11    12    13    14    15    16    17    18    19    20    21    22    23    24    25    26    27    28    29    30
  Shanghai Yangtze Elites        392   282   177    75  500*   779   897   820   753   839   850   798   893   981  1235  1375  1718  1852  1899  1878  2318  2522  2969  3273  3390  3650  4042  4115  4063  4118
  LA Beach Legends               464   500   431   403   590   562   578   795  1111  1368  1507  1813  1915  1885  1887  1872  1955  2404  2813  2991  3126  3369  3350  3351  3684  3668  3903  3854  3839  4072
  Bali Island Legends            621   714   805   895   992  1088  1188  1285  1382  1474  1568  1662  1755  1848  1945  2038  2131  2224  2322  2418  2511  2598  2689  2786  2879  2972  3068  3165  3261  3355
  Miami Shoreline Queens         378   259   137    17  500*   509   617   735   905   970   991  1315  1456  1516  1717  1797  1770  1766  1841  1906  2003  2002  1918  2148  2345  2438  2480  2549  2875  2994
  Lagos Surf Queens              492   624   699   660   661   761   813   743   914  1266  1266  1264  1302  1473  1635  1791  1926  1906  1835  2056  2312  2466  2419  2336  2360  2395  2351  2394  2552  2818
  Riyadh Dune Dominators         566   633   700   764   832   901   971  1039  1108  1175  1239  1305  1370  1436  1504  1574  1644  1712  1777  1838  1899  1965  2034  2101  2165  2236  2303  2371  2439  2509
  Berlin Sand Queens             383   418   346   276   191   348   331   296   340   479   782   767   828  1021  1109  1267  1559  1532  1710  2045  2368  2324  2473  2591  2643  2699  2557  2419  2527  2411
  Tonga Polynesian Power         563   627   692   756   820   883   948  1009  1072  1136  1199  1263  1326  1384  1444  1502  1565  1630  1692  1754  1815  1873  1933  1991  2052  2113  2172  2228  2286  2350
  Kuala Lumpur Monsoon FC        563   627   689   755   822   888   952  1010  1068  1128  1192  1250  1308  1367  1429  1489  1550  1610  1670  1731  1792  1850  1909  1970  2030  2088  2146  2208  2267  2325
  Tokyo Surf Samurai             397   414   420   375   466   560   556   582   634   541   552   661  1104  1102  1112  1055  1065  1340  1350  1233  1274  1235  1220  1389  1791  2028  2282  2278  2300  2299
  Stockholm Northern Lights      544   585   626   667   712   759   804   848   891   935   977  1016  1061  1103  1146  1189  1230  1275  1320  1361  1402  1440  1476  1520  1566  1612  1655  1698  1742  1785
  Vanuatu Coral Crushers         544   582   623   661   700   738   777   821   864   908   953   991  1031  1072  1117  1162  1204  1249  1291  1331  1372  1413  1455  1498  1540  1586  1623  1667  1710  1752
  Vancouver Pacific Orcas        478   704   815   785   896   929   965  1001  1035  1069  1098  1128  1160  1191  1220  1253  1289  1322  1352  1382  1414  1444  1473  1507  1541  1576  1603  1630  1658  1688
  Accra Goldcoast Waves          555   612   668   713   692   671   649   625  500*   552   601   653   706   764   814   868   916   967  1021  1075  1130  1185  1242  1297  1353  1408  1462  1511  1558  1604
  Rio Copacabana Queens          475   484   519   505   491   501   481   726   842   957   898   836   836  1020  1297  1278  1293  1276  1357  1345  1328  1357  1482  1594  1700  1874  1830  1725  1587  1588
  San Juan Caribbean Pearls      531   564   594   628   660   688   714   744   774   806   836   862   896   931   967   997  1028  1064  1099  1133  1168  1202  1239  1268  1294  1319  1350  1384  1416  1451
  Bogotá Altitude Queens         717   742   812   952   962   973   988  1000  1010  1021  1034  1044  1055  1067  1080  1093  1102  1113  1124  1136  1149  1161  1174  1186  1196  1206  1218  1232  1244  1256
  São Paulo Beach Warriors       489   569   505   510   497   384   271   163  500*   382   329   267   240  500*   380   614   599   771   801   846   971   930   907   850   828   909   884  1133  1117  1099
  Caracas Caribbean Coast        520   542   564   587   607   625   644   667   682   701   717   737   758   778   792   815   841   866   888   905   918   936   951   965   981  1003  1023  1038  1053  1068
  Havana Salsa Spikers           684   660   641   718   751   709   673   641   572   626   646   663   681   715   692   685   539   423   302   180  500*   746   913   912   962   940   901   966   957   949
  Mumbai Coastal Warriors        433   349   281   192  500*   489   475   440   354  500*   487   429   321   218  500*   485   526   572   618   663   706   795   816   835   856   879   891   892   894   866
  Cancún Coral Storm             447   371   359   263  500*   406   314   314   240   167   148   126   188   134    28   -43  -187  500*   481   419   401   344  500*   419   283   148    17  500*   617   860
  Bondi Beach Legends            385   268   264   217   235   315   317   262   259   275   203   116    12    16   -16   -46   -53  -168  500*   623   585   596   685   652   623   608   558   638   749   801
  Bangkok Palm Beach Stars       458   380   461   398   336   272   170  500*   461   415   512   500   666   765   695   633   539   453   557   499   399   302   205  500*   456   440   401   563   751   791
  Cairo Desert Eagles            429   360   348   399   371   231   165   335   297   199   104    79  500*   431   682   860   895   995  1033  1067  1005   940   873   807  500*   862  1007   930   813   757
  Samoa Southern Swells          510   519   528   528   472   409   345   284  500*   508   518   531   543   555   568   579   587   598   612   619   627   637   650   659   667   677   691   698   711   724
  Santiago Atacama Aces          463   426   384   340  500*   459   331   197   104  500*   509   480   395   269   174  500*   541   622   735   832   857   884   820   755   621   545  500*   541   631   711
  Fiji Island Breakers           447   404   341   275  500*   486   496   484   467   414   363  500*   461   416   418   366   314   220   125  500*   457   404   357   306  500*   482   536   587   536   661
  Buenos Aires Pampas Storm      383   265   144    25   174   215   261   346   251   253   349   521   499   539   512   515   532   474   417   403   387   452   547   490   555   530   509   485   549   649
  Amsterdam Dune Riders          468   437   407   372  500*   471   662   823   952   969   957   864   782   699   579  500*  500*   523   549   625   569   473   385   292  500*   432   359   466   616   612
  Gold Coast Thunderbirds        406   288   418   564   491   441   381   388   335   208    61   -26  500*   408   369   317   324   323   206    70   -20   -13  500*   593   655   612   622   603   578   558
  Honolulu Hula Warriors         431   305   182    58  500*   472   443   417   351  500*   499   467   437   398   283  500*   469   528   616   607   599   590   585   578   571   562   556   549   540   534
  Dar es Salaam Swahili Stars    503   506   509   511   513   516   516   514   516   518   515   510   508   507   506   504   502   501   504   505   506   501   498   500   504   505   511   519   526   525
  Nairobi Savannah Stars         506   559   539   520   501   479  500*   499   501   488   433   385   323  500*   501   502   503   503   475   380   299   223  500*   502   504   506   507   511   510   512
  Barcelona Playa Elites         402   270   182    69  500*   387   277   168    58  500*   395   287   175    61  500*   390   279   170    64  500*   387   276   161    54  500*   388   276   166    55  500*
  Manila Bay Pearls              531   563   591   643   609   600   535   472   413   361  500*   532   566   533   488   426   367  500*   533   563   596   630   665   699   688   636   579   541   473  500*
  Honolulu Aloha Warriors        452   404   347   211  500*   450   402   354   304  500*   448   401   350   299  500*   448   403   350   297  500*   454   403   353   306  500*   447   399   349   297  500*
  Dubai Sand Aces                445   332   219   107  500*   468   414   335   287   455   421   337   313   327   272   287   244   233   340   322   377   310   194   140   187    97    35   -12   -86  500*
  Tunis Mediterranean Aces       489   475   460   441  500*   484   467   454   442  500*   487   476   463   446  500*   486   474   457   438  500*   486   471   458   439  500*   481   465   450   437  500*
  Ho Chi Minh City Delta Star    486   472   456   441  500*   488   473   460   441  500*   481   466   451   438  500*   485   471   457   442  500*   485   464   447   429  500*   482   465   450   434  500*
  Port Moresby Coral Aces        456   411   367   315  500*   453   408   364   324  500*   457   416   373   327  500*   452   414   378   342  500*   458   421   382   337  500*   455   415   376   337  500*
  Lisbon Atlantic Blaze          481   462   443   424  500*   481   460   441   422  500*   474   450   431   414  500*   476   454   431   409  500*   479   459   437   416  500*   484   462   443   424  500*
  Dublin Emerald Spikers         486   473   459   448  500*   486   467   448   434  500*   489   477   465   451  500*   487   471   453   440  500*   484   467   453   438  500*   488   471   457   445  500*
  Kingston Reggae Spikers        474   449   422   395  500*   472   446   421   395  500*   477   453   423   395  500*   473   448   422   397  500*   478   459   439   416  500*   474   449   423   398  500*
  Georgetown Guyana Waves        420   338   254   169  500*   420   338   257   170  500*   418   334   248   166  500*   416   326   239   155  500*   415   329   247   169  500*   418   333   248   160  500*
  Myrtle Beach Sunblazers        499   499   497   493   493   488   437   372   312   251  500*   502   507   511   516   520   495   422   348   273  500*   495   456   372   288   258  500*   496   495   497
  Paris Sables Royales           432   467   411   313   354   285   131   -26  -185  500*   427   348   203   341   270   206   142    39  500*   528   397   341   500   586   503   413   362   235  500*   495
  Athens Aegean Stars            490   478   466   437   376  500*   483   473   462   449  500*   494   486   479   472   460   448   438   428  500*   486   475   468   459   448   437   424   416  500*   486
  Taipei Formosa Spikers         491   483   473   463   456   445   433   426   419   411   403   393   380   369  500*   489   482   473   464   456   447   435   427   419   404   391   380  500*   491   485
  Nassau Island Blazers          495   489   483   473   462   449   435   428   419   408   398   389  500*   494   485   477   467   458   446   438   429   421   404   389   376   361  500*   492   486   479
  Warsaw Vistula Waves           511   525   538   554   571   585   577   561   528   497   467  500*   510   524   527   480   431   377   321  500*   505   512   521   526   475   450   364   280  500*   472
  Wellington Southern Cross      485   463   444   425  500*   489   479   462   447  500*   489   472   456   440  500*   486   472   457   440  500*   491   480   469   455   443  500*   486   470   455   445
  Casablanca Atlantic Spikers    524   548   573   596   620   621   596   571   542   513  500*   516   490   414   341   269  500*   520   543   564   582   566   526   490   453  500*   520   540   513   440
  Seoul Han River Queens         460   353   250   387   306   225   141    61  500*   421   341   259   177  500*   414   333   252   170  500*   420   337   253   166  500*   416   337   256   174  500*   421
  Montevideo Río Elites          493   542   579   614   661   612   562   503   444  500*   489   479   469   459   450   439   427   418   408  500*   486   475   465   457   442   433   422   404   389   373
  La Paz Andean Queens           493   491   487   484   482   474   471   469   464   459   454   452   443   435   430   427   423   420   419   415   409   403   401   397   395   391   386   381   376   370
  Durban Indian Ocean Tides      492   462   398   340   273  500*   458   413   369   324  500*   458   416   377   339  500*   460   421   373   330  500*   460   420   382   344  500*   460   420   380   338
  Rome Beach Gladiators          541   667   610   508   356   228  500*   429   331   185    88  500*   510   466   417   430   704   719   578   439   421   661   636   494   380   223  500*   453   440   327
  Auckland Pacific Diamonds      437   397   307   244  500*   439   309   184    58  500*   439   378   252   123  500*   457   371   286   205  500*   461   378   359   285  500*   562   642   562   481   323
  Lima Pacific Soarers           403   305   221   146  500*   406   403   482   376   298   123    24  500*   449   459   443   426   438   397   357   378   385   392   419   357   294   271   230   257   221

